{
  "advancedEditorSelectedIdentifier" : "ProjectBrowser",
  "openSceneRelativePaths" : [
    "ImmersiveScene.usda",
    "Scene.usda"
  ],
  "recentIdentifiers" : {
    "D66134B1-3681-4A8E-AFE5-29F257229F3B" : [

    ],
    "E9F6D524-C8B9-496E-9B22-83C6F023B05C" : [

    ]
  },
  "sceneCameraHistory" : {
    "D66134B1-3681-4A8E-AFE5-29F257229F3B" : [
      {
        "date" : 749428973.739621,
        "title" : "Untitled",
        "transform" : [
          1,
          0,
          0,
          0,
          0,
          0.85902226,
          -0.5119383,
          0,
          0,
          0.5119383,
          0.85902226,
          0,
          -0.032390215,
          0.8592066,
          0.6360287,
          1
        ]
      },
      {
        "date" : 749422844.061156,
        "title" : "Untitled",
        "transform" : [
          1,
          0,
          0,
          0,
          0,
          0.85902226,
          -0.5119383,
          0,
          0,
          0.5119383,
          0.85902226,
          0,
          -0.032390215,
          1.9036108,
          2.388517,
          1
        ]
      },
      {
        "date" : 749422699.510573,
        "title" : "Untitled",
        "transform" : [
          1,
          0,
          -0,
          0,
          -0,
          0.85902226,
          -0.5119383,
          0,
          0,
          0.5119383,
          0.85902226,
          0,
          0,
          10.645956,
          13.469505,
          1
        ]
      },
      {
        "date" : 749422694.609748,
        "title" : "Untitled",
        "transform" : [
          1,
          0,
          0,
          0,
          0,
          0.7071069,
          -0.70710677,
          0,
          0,
          0.70710677,
          0.7071069,
          0,
          0,
          8.604455,
          8.604457,
          1
        ]
      },
      {
        "date" : 749352031.548237,
        "title" : "Untitled",
        "transform" : [
          1,
          0,
          0,
          0,
          0,
          0.7071069,
          -0.70710677,
          0,
          0,
          0.70710677,
          0.7071069,
          0,
          0,
          17.863981,
          17.863985,
          1
        ]
      },
      {
        "date" : 749352017.181366,
        "title" : "Untitled",
        "transform" : [
          1,
          0,
          0,
          0,
          0,
          0.7071069,
          -0.70710677,
          0,
          0,
          0.70710677,
          0.7071069,
          0,
          0,
          166.68724,
          166.68727,
          1
        ]
      },
      {
        "date" : 749350916.225644,
        "title" : "Untitled",
        "transform" : [
          1,
          0,
          0,
          0,
          0,
          0.7071069,
          -0.70710677,
          0,
          0,
          0.70710677,
          0.7071069,
          0,
          0,
          1.2209946,
          1.2209946,
          1
        ]
      },
      {
        "date" : 749350915.109248,
        "title" : "Untitled",
        "transform" : [
          1,
          0,
          0,
          0,
          0,
          0.7071069,
          -0.70710677,
          0,
          0,
          0.70710677,
          0.7071069,
          0,
          0,
          1.3114604,
          1.3114605,
          1
        ]
      }
    ],
    "E9F6D524-C8B9-496E-9B22-83C6F023B05C" : [
      {
        "date" : 749423488.049016,
        "title" : "Untitled",
        "transform" : [
          0.99793047,
          6.0971004e-08,
          0.064301945,
          0,
          0.022676127,
          0.93575466,
          -0.35192177,
          0,
          -0.060170867,
          0.35265157,
          0.9338181,
          0,
          -0.0062504155,
          0.10108519,
          0.106607065,
          1
        ]
      },
      {
        "date" : 749423347.495607,
        "title" : "Untitled",
        "transform" : [
          0.99793047,
          6.0971004e-08,
          0.064301945,
          0,
          0.022676127,
          0.93575466,
          -0.35192177,
          0,
          -0.060170867,
          0.35265157,
          0.9338181,
          0,
          -0.007997722,
          0.111325875,
          0.13372427,
          1
        ]
      },
      {
        "date" : 749423345.99732,
        "title" : "Untitled",
        "transform" : [
          0.99793047,
          6.1374344e-08,
          0.06430195,
          0,
          0.022676129,
          0.93575466,
          -0.35192177,
          0,
          -0.060170874,
          0.35265157,
          0.9338181,
          0,
          -0.007997723,
          0.11132588,
          0.13372429,
          1
        ]
      },
      {
        "date" : 749423325.196928,
        "title" : "Untitled",
        "transform" : [
          0.9979305,
          6.2056074e-08,
          0.06430196,
          0,
          0.022676133,
          0.93575466,
          -0.3519218,
          0,
          -0.06017088,
          0.35265163,
          0.9338181,
          0,
          0.016578227,
          0.1022152,
          0.115201,
          1
        ]
      },
      {
        "date" : 749423320.696918,
        "title" : "Untitled",
        "transform" : [
          0.99978966,
          -2.0966762e-10,
          -0.020508526,
          0,
          -0.009659104,
          0.8821439,
          -0.47088087,
          0,
          0.018091472,
          0.4709799,
          0.88195837,
          0,
          0.025969908,
          0.116125435,
          0.09916926,
          1
        ]
      },
      {
        "date" : 749423316.230454,
        "title" : "Untitled",
        "transform" : [
          0.99978966,
          -2.0966762e-10,
          -0.020508526,
          0,
          -0.009659104,
          0.8821439,
          -0.47088087,
          0,
          0.018091472,
          0.4709799,
          0.88195837,
          0,
          0.0009751673,
          0.116125435,
          0.09968197,
          1
        ]
      },
      {
        "date" : 749423307.613711,
        "title" : "Untitled",
        "transform" : [
          0.99999994,
          0,
          -0.00018310541,
          0,
          -0.00012947508,
          0.7071069,
          -0.7071067,
          0,
          0.00012947505,
          0.70710677,
          0.7071068,
          0,
          -0.0010899545,
          0.14008984,
          0.061613902,
          1
        ]
      },
      {
        "date" : 749423257.301815,
        "title" : "Untitled",
        "transform" : [
          1,
          0,
          0,
          0,
          0,
          0.7071069,
          -0.70710677,
          0,
          0,
          0.70710677,
          0.7071069,
          0,
          0.00885716,
          0.2636539,
          0.2578038,
          1
        ]
      },
      {
        "date" : 749414806.896429,
        "title" : "Untitled",
        "transform" : [
          1,
          0,
          0,
          0,
          0,
          0.7071069,
          -0.70710677,
          0,
          0,
          0.70710677,
          0.7071069,
          0,
          0.01063113,
          0.31646022,
          0.30943844,
          1
        ]
      },
      {
        "date" : 749350359.717838,
        "title" : "Untitled",
        "transform" : [
          1,
          0,
          0,
          0,
          0,
          0.7071069,
          -0.70710677,
          0,
          0,
          0.70710677,
          0.7071069,
          0,
          0.04079938,
          1.8702109,
          1.7873709,
          1
        ]
      }
    ]
  },
  "sceneViewportBackgroundColors" : {

  },
  "selectedSceneRelativePath" : "Scene.usda"
}